No.    h    k    l      d [A]     2Theta[deg] I [%]   
  1    1    1    0      3.17800    28.055     100.0
  2    1    0    1      2.58200    34.715      90.0
  3    2    0    0      2.24880    40.063      25.0
  4    2    1    0      2.01190    45.023       1.0
  5    2    1    1      1.69600    54.025      55.0
  6    2    2    0      1.59030    57.943      12.0
  7    0    0    2      1.57710    58.475       6.0
  8    3    1    0      1.42270    65.563      12.0
  9    1    1    2      1.41330    66.054      14.0
 10    3    0    1      1.35420    69.336      14.0
 11    2    0    2      1.29140    73.237       8.0
 12    3    2    1      1.16040    83.184      10.0
 13    4    0    0      1.12470    86.455       4.0
 14    2    2    2      1.11990    86.917       6.0
 15    3    3    0      1.06020    93.198       4.0
 16    3    1    2      1.05630    93.646      10.0
 17    4    1    1      1.03100    96.686       8.0
 18    1    0    3      1.02400    97.571       4.0
 19    4    2    0      1.00580    99.967       4.0
 20    2    1    3      0.93180   111.518       8.0
 21    4    0    2      0.91570   114.537       4.0
 22    5    1    0      0.88220   121.655       4.0
 23    3    3    2      0.87990   122.194       4.0
 24    4    3    1      0.86520   125.826      12.0
 25    3    0    3      0.86090   126.956       6.0
 26    4    2    2      0.84800   130.563       8.0
 27    5    2    1      0.80750   145.082      10.0
 28    3    2    3      0.80400   146.705       8.0
 29    4    4    0      0.79530   151.192       4.0
 30    0    0    4      0.78860   155.265       2.0
