No.    h    k    l      d [A]     2Theta[deg] I [%]   
  1    1    0    0      2.55477    35.097      26.0
  2    0    0    2      2.34300    38.388      25.9
  3    1    0    1      2.24307    40.170     100.0
  4    1    0    2      1.72677    52.987      11.9
  5    1    1    0      1.47500    62.965      11.8
  6    1    0    3      1.33265    70.623      11.0
  7    2    0    0      1.27739    74.174       1.5
  8    1    1    2      1.24825    76.210      10.9
  9    2    0    1      1.23242    77.369       7.7
 10    0    0    4      1.17150    82.224       1.4
 11    2    0    2      1.12154    86.758       1.7
